403.100665646  0
406.138814855  1
398.14775126  2
386.016387064  3
311.856460277  4
324.479288223  5
222.651560992  6
195.021753738  7
170.683772244  8
160.811904671  9
144.767101988  10
129.481027987  11
130.097983773  12
107.494465604  13
119.391077153  14
111.221965491  15
95.9018113552  16
101.645249182  17
94.5025726158  18
88.8425065517  19
89.8456002597  20
87.3366096213  21
81.6188777986  22
89.2381094598  23
73.691368199  24
78.8721013196  25
74.426449028  26
72.3487551891  27
79.8626891108  28
72.5569791629  29
72.6337319124  30
68.8803117446  31
69.2033376445  32
70.6114631917  33
69.2811746958  34
64.3527607231  35
62.8626221047  36
68.5698998065  37
66.3824730238  38
61.3850494241  39
71.7972725989  40
58.2732257483  41
63.7855974108  42
64.6785071641  43
59.5635355232  44
64.4201371227  45
66.9199403071  46
58.5609724307  47
56.2490825666  48
63.0156885015  49
53.7219618798  50
59.1151034037  51
63.680937509  52
58.1030087673  53
54.7465791437  54
59.6241517917  55
57.0830844068  56
58.6867608448  57
54.4603639345  58
53.8278977572  59
57.9795998115  60
66.3886166159  61
51.2433590615  62
51.5163887906  63
51.607807886  64
53.6589613638  65
54.713581538  66
51.1135857062  67
51.5390940685  68
49.3856949586  69
54.2549771068  70
50.0799364761  71
52.1138227545  72
51.2420779188  73
51.9203642447  74
52.4115177939  75
51.8650838426  76
50.6089147276  77
49.7441118487  78
52.5647113248  79
50.4393601233  80
49.6560407691  81
47.6594857606  82
46.7820588704  83
45.4122286271  84
49.3681216817  85
48.6944592577  86
48.5301455133  87
49.638971601  88
48.5962620846  89
46.2155032332  90
46.7692600492  91
46.6836927723  92
48.8992421096  93
45.2882604455  94
50.7431376044  95
46.1362819309  96
46.001581668  97
47.5503168954  98
46.7827509984  99
48.2826022381  100
43.8558422507  101
48.2422768993  102
46.3165082084  103
46.8500294003  104
45.0590254008  105
46.3704043979  106
45.3718567476  107
47.9493683035  108
47.471922771  109
46.0976665367  110
44.9413602868  111
44.9114085069  112
45.5066959823  113
44.4057425336  114
46.1742557737  115
43.9383772097  116
44.8241297211  117
44.5177146807  118
45.0048756002  119
42.9846210429  120
44.2444728393  121
43.6455599916  122
43.2213588065  123
43.0665041447  124
46.2227352046  125
43.5387355119  126
43.1252390929  127
42.6807377088  128
44.1869994072  129
44.3670071898  130
43.0191204995  131
43.1084792367  132
44.0307432758  133
45.4421259945  134
44.4703869689  135
41.8817636837  136
41.5840264448  137
43.5633781822  138
44.1202360605  139
42.9843041681  140
41.0668185521  141
44.2086282107  142
43.9762883351  143
42.7442805297  144
42.0800917401  145
42.2329497046  146
42.4445327301  147
43.3274968324  148
44.6462347933  149
41.4492034696  150
42.4541785271  151
43.1732096475  152
42.6159929644  153
41.8321460955  154
42.0198854752  155
41.5960057937  156
41.7815261651  157
42.3421697639  158
41.2971839074  159
42.1388545054  160
42.3840893953  161
41.3006030115  162
41.44812268  163
40.927499522  164
41.3074939382  165
40.4637046812  166
41.1824531385  167
40.7582895572  168
41.1750458617  169
42.215625397  170
41.2687251165  171
39.7861572509  172
41.2030197976  173
41.1066308138  174
41.8879282132  175
39.8635506622  176
40.9413759446  177
42.0168389134  178
40.3524583862  179
42.2757438493  180
40.6006197132  181
39.766813966  182
40.109971145  183
41.5043791394  184
40.5639203983  185
40.4083758286  186
42.2871078615  187
39.8563103537  188
40.7525923896  189
41.3180260418  190
39.4994730827  191
41.1848287546  192
38.5617800256  193
41.4899263759  194
41.7214853362  195
42.0158098481  196
38.9678596243  197
40.5732761321  198
40.6985541474  199
39.1587404727  200
40.4127917792  201
41.9329427635  202
39.6568412984  203
39.3009887034  204
39.8208754376  205
40.1506704014  206
39.4372489354  207
40.0032478623  208
39.9657858883  209
40.2816507108  210
41.3098055982  211
40.9952112452  212
39.3986866124  213
40.229189492  214
40.9284424107  215
40.6278310869  216
41.1616649965  217
40.7527581844  218
40.157800472  219
38.8882341926  220
39.1821791659  221
40.1252999108  222
39.7657642787  223
40.5937364922  224
40.4958077019  225
39.9559099393  226
39.3314605441  227
38.8554724724  228
40.0219235707  229
39.9806420147  230
39.9806279021  231
39.6143121604  232
40.547284527  233
40.0008718949  234
39.7027536011  235
39.733850085  236
39.3185902193  237
37.8054939076  238
40.1070039231  239
39.4415230981  240
40.6941732798  241
40.1680205768  242
38.5124114401  243
40.2449775385  244
39.8938880285  245
39.9661882859  246
39.6683362613  247
39.4134523451  248
38.9788039564  249
39.6734409045  250
39.511027953  251
39.1971383215  252
40.5729338208  253
38.8318182887  254
39.1726947885  255
40.0191907557  256
38.6655613371  257
38.9852998762  258
39.1058487936  259
39.3497169395  260
39.5554926163  261
39.6632018534  262
39.1222909669  263
37.970429111  264
39.3168985456  265
38.1668940048  266
39.8500890331  267
39.5389270647  268
40.0681332053  269
40.2105056753  270
39.1099970693  271
38.6345182118  272
38.269744585  273
39.5710136378  274
39.3544308212  275
39.0593426542  276
40.5471085987  277
38.292913284  278
37.834782756  279
38.6901380586  280
39.3509169061  281
39.5630008453  282
39.7031134004  283
38.7976999648  284
39.2048365991  285
38.1464876428  286
38.2947158037  287
40.6300063069  288
40.2512371704  289
37.5513384838  290
39.4400310212  291
38.121029932  292
39.8601993247  293
39.3925149894  294
40.1410740314  295
39.3101211539  296
39.0410719783  297
39.6457704798  298
39.2310317943  299
39.8033310223  300
39.6057973518  301
40.0609896583  302
38.2788893803  303
38.787049383  304
39.5779536323  305
39.3507064108  306
39.5129172289  307
39.2514613618  308
39.2851892171  309
39.6308435505  310
38.6706825667  311
39.7474541816  312
38.9626989376  313
41.1026811667  314
38.0520453322  315
38.581886094  316
39.2250414065  317
39.0767833117  318
38.2033416063  319
38.9035574542  320
38.7797733343  321
40.0998241062  322
38.8010083507  323
39.7954996473  324
39.4608845291  325
39.088242713  326
39.0561996613  327
39.6614816735  328
38.3805948468  329
38.4937999502  330
40.3079500207  331
38.896982983  332
38.2928431205  333
38.3003320193  334
38.1528090202  335
39.0669964588  336
39.1195223453  337
38.6693715809  338
37.6705225293  339
39.8377454277  340
38.4982882598  341
39.0713912508  342
38.6479709985  343
39.0407739683  344
38.9525693434  345
40.0099674766  346
39.5676979314  347
39.1376062096  348
38.6797306928  349
L2 error during trianing: 37.5513384838
L2 error on test data:  20.5032138785
Embedded KNN :  0.95
PCA KNN :  0.935
Normal KNN :  0.845
Validation KNN :  1.0
