422.778367419  0
404.737955841  1
401.749407428  2
413.912188032  3
371.82538922  4
335.304620892  5
284.092146507  6
247.274563405  7
226.657427559  8
222.149496133  9
165.788659953  10
160.810325191  11
143.27702594  12
137.277391953  13
103.230123424  14
108.427642373  15
112.262828339  16
93.7379858487  17
75.8450555396  18
91.027014771  19
77.3597644422  20
81.2966263463  21
69.4323436862  22
70.4534084276  23
64.7837633165  24
62.2947590677  25
63.0677798607  26
53.7010835114  27
58.770272736  28
62.5620150226  29
62.8655004097  30
48.1280099925  31
48.9040216775  32
50.635508913  33
59.1120544235  34
45.1726541459  35
49.3011770887  36
56.0669421405  37
48.6943001606  38
39.575052666  39
46.4896646728  40
38.8647395042  41
51.7675022566  42
48.1972126664  43
45.5829147346  44
39.6429279272  45
42.6921779919  46
50.5594768729  47
32.4067323676  48
34.4662697263  49
46.5290057474  50
49.7252851473  51
33.0240835925  52
32.4068599171  53
45.2584583059  54
38.825447474  55
35.7316225926  56
31.6946216248  57
38.6269894675  58
41.3684146582  59
28.7240856425  60
34.5564111017  61
51.438949375  62
36.6360278185  63
28.827494679  64
28.9615440276  65
37.6884378575  66
43.8751401668  67
28.1199959785  68
31.3307917638  69
30.9714074493  70
30.439532205  71
33.2904819322  72
37.4165895463  73
30.5512876094  74
30.8741728566  75
32.0587399071  76
37.9777412119  77
39.1357957698  78
30.1436004969  79
23.4708412602  80
23.3083740792  81
27.2403246941  82
26.7579716627  83
27.3345291929  84
22.5685793502  85
25.2444071599  86
26.9484212555  87
30.9479956817  88
24.7987540175  89
22.8988114877  90
28.4727925722  91
25.2763266071  92
24.7131864463  93
24.5059460289  94
25.1996196163  95
26.6675552609  96
22.3425809922  97
22.2604239941  98
22.9583262983  99
22.0929871653  100
20.3787468772  101
22.0876522872  102
24.1576042916  103
20.6296258372  104
19.9729182574  105
23.3287252238  106
23.0902194226  107
20.7763832431  108
21.6249076936  109
23.0101710549  110
20.5992267728  111
19.8104387778  112
21.8823001483  113
21.3249491911  114
21.5988238463  115
20.9960117288  116
20.5562342249  117
20.4333515403  118
19.5721392263  119
19.2833456439  120
19.3214926838  121
27.2454790805  122
21.1801341382  123
18.5321026686  124
19.2953668246  125
22.521374235  126
19.6202681741  127
18.9763790767  128
19.736140663  129
26.2638606064  130
19.8382597429  131
18.8830614529  132
17.7676309815  133
19.733532534  134
24.4148232595  135
19.5237283267  136
18.696733228  137
24.3152516278  138
20.6095119464  139
18.1933550131  140
19.5407719215  141
20.6230042059  142
19.3841948492  143
22.2524199816  144
18.2830882968  145
17.312060267  146
18.2453828496  147
18.3846482563  148
17.767460121  149
17.3376090945  150
16.6813519463  151
17.8676050071  152
17.6022476699  153
18.4518647263  154
16.6995068649  155
17.665284311  156
20.6605199213  157
18.2334735142  158
16.1520409185  159
18.5852623152  160
17.654574508  161
17.6350206411  162
17.1365938647  163
17.6333536999  164
18.4575850547  165
17.2151633655  166
17.516630206  167
16.9898458634  168
20.1748955305  169
16.6899704017  170
15.9464143637  171
15.392429967  172
16.0463715022  173
16.1153016093  174
16.6967589104  175
18.0546355659  176
16.2601632882  177
15.5974135297  178
17.1799963573  179
16.855713623  180
15.2828590476  181
15.9639917856  182
15.7518453231  183
17.1578073993  184
18.1785732909  185
15.8230486457  186
15.8729840145  187
16.0645376336  188
15.9905674894  189
17.0696556732  190
16.4729844438  191
15.5995994411  192
15.2733392232  193
15.1305394512  194
15.3379607544  195
15.3072279283  196
15.4235317607  197
15.4621572006  198
15.5817950771  199
14.944292619  200
14.8781816681  201
15.0585075806  202
15.5049106041  203
16.2265552574  204
14.67449745  205
15.2407173898  206
15.344384421  207
15.6707515973  208
15.9406965297  209
15.1471967487  210
14.9332613345  211
15.5765443759  212
14.9160095383  213
15.8753996889  214
15.0764614162  215
14.6824973408  216
15.0095062646  217
15.2525306917  218
14.8515853073  219
14.6380997264  220
15.2318840094  221
14.8734608228  222
15.0548550744  223
14.6364606474  224
15.3401848621  225
14.1041758058  226
14.6951789352  227
15.0089952641  228
14.4770394368  229
14.0142706995  230
14.5939569131  231
15.3413314698  232
15.1337182162  233
14.3767559104  234
14.5808657466  235
14.752139098  236
14.5094329869  237
14.4392054606  238
15.3236088942  239
14.6915135504  240
14.5544091841  241
14.081722078  242
14.3417070122  243
14.5343179786  244
14.4652978411  245
14.0276338805  246
14.6230886409  247
14.5609814709  248
14.4764773265  249
14.2079954145  250
14.5359794031  251
14.1891624528  252
14.3547502813  253
14.1600639854  254
14.1853398174  255
14.3782769739  256
14.0627519104  257
13.6999547065  258
14.5482949359  259
14.3032411218  260
14.3371725246  261
14.0093881055  262
14.3755772237  263
14.2062067618  264
14.4477843224  265
13.7595584077  266
13.7111727841  267
14.3199829771  268
14.4593246055  269
13.6321659913  270
13.6761455657  271
13.7445063525  272
13.9825294244  273
13.7608519535  274
13.9937750246  275
13.7483011149  276
14.3176966236  277
13.8896231141  278
13.7040957369  279
14.0080721589  280
13.5776071277  281
13.9180526751  282
14.0874368397  283
13.3620814843  284
13.9768365466  285
14.209540364  286
13.4133612872  287
14.6156849633  288
13.6124510973  289
14.1262151788  290
13.7108704778  291
14.0630126059  292
13.7732047411  293
13.6797186204  294
14.1403148324  295
13.8614347546  296
13.9161953582  297
13.8988365521  298
14.1512496875  299
14.0370680932  300
13.6356668863  301
13.8214167075  302
13.3451172171  303
13.3399228355  304
13.5726120058  305
13.4694052926  306
13.9041298887  307
13.8642114536  308
13.821185548  309
14.0666364135  310
14.1154165797  311
13.1158475882  312
13.8771640387  313
13.5572762595  314
13.7601008085  315
13.3549716733  316
13.1309041372  317
13.6061082961  318
13.9884285393  319
13.8251751561  320
13.2532409941  321
14.4221171126  322
13.4629647371  323
13.6515669799  324
13.9176345125  325
13.5026893881  326
13.5982713103  327
14.0775811028  328
13.1859897897  329
13.081900766  330
13.1197069311  331
13.2818116523  332
13.1855351935  333
13.496949211  334
14.203127316  335
13.8220767006  336
14.023376188  337
13.7812968085  338
13.3020790221  339
13.0165308095  340
13.4768579948  341
13.1840216611  342
14.0989591408  343
13.4657984993  344
13.5537584282  345
13.4048154132  346
13.1101630744  347
13.6695401469  348
13.9570245982  349
L2 error during trianing: 13.0165308095
L2 error on test data:  17.6378082718
Embedded KNN :  0.935
PCA KNN :  0.935
Normal KNN :  0.845
Validation KNN :  1.0
