522.146695593  0
437.78401629  1
402.737019286  2
402.253783253  3
400.916385228  4
394.904191151  5
384.69495548  6
648.122279554  7
343.718978143  8
314.346868879  9
307.185444045  10
365.498383516  11
257.609422062  12
223.421881101  13
194.883214476  14
206.531713547  15
187.645863769  16
150.50455487  17
194.403243152  18
137.388406027  19
119.154342987  20
134.373820249  21
106.088242144  22
106.925913469  23
111.491540997  24
102.383541543  25
146.330395851  26
95.3513749748  27
80.2783850225  28
79.0559684875  29
95.3994728978  30
83.055548638  31
84.1833027597  32
78.9735024449  33
69.7565862803  34
83.1285539412  35
77.1387375423  36
62.7725347888  37
73.2013225732  38
67.3667998906  39
63.221954432  40
59.4072848949  41
64.2153840504  42
76.1926615658  43
66.6011365038  44
51.0369273735  45
73.455073583  46
58.7013082703  47
47.4896573965  48
53.0493744118  49
75.9238454851  50
49.6877911226  51
53.0483234776  52
58.2144553835  53
50.8778542151  54
50.73375012  55
57.9790591133  56
45.1549587693  57
64.5214150641  58
50.4144763701  59
41.6454141702  60
48.3679518114  61
50.3241855979  62
43.3016279403  63
50.003823935  64
67.9303255456  65
44.3154888564  66
46.8810391665  67
41.1914403358  68
43.4292797979  69
47.2380781108  70
40.0852852212  71
41.0547707044  72
38.8733104959  73
39.7101763148  74
41.8616649818  75
48.91888815  76
53.5535904381  77
51.2165857901  78
37.5811850785  79
35.0912815246  80
51.4916182019  81
49.8958563793  82
34.0966361857  83
36.8784303633  84
43.5323855101  85
40.1891759886  86
41.1357972516  87
33.958577086  88
36.0461016243  89
45.6256662655  90
52.6810418436  91
36.980988959  92
31.1629814115  93
33.0453240137  94
48.9146131941  95
38.5820788037  96
34.4383459509  97
36.9322014599  98
42.6492912232  99
40.9295665785  100
33.5072622969  101
48.5399769825  102
36.6813559577  103
34.7872150664  104
29.0666026085  105
27.7206646413  106
29.0169778244  107
36.3805800265  108
33.6296341671  109
30.0214179088  110
28.5207887516  111
36.0256335616  112
31.2622242047  113
26.0618890916  114
30.850669838  115
33.9966351387  116
28.4994551209  117
30.5109816064  118
40.8966983846  119
29.5999177942  120
27.473835742  121
26.9540816678  122
34.2145234968  123
35.2785606097  124
26.4823243882  125
25.7648473816  126
24.5073627066  127
25.7514351913  128
30.2420223028  129
25.1067719447  130
24.0946775819  131
27.680541356  132
26.4171028262  133
25.3257197415  134
27.9171557259  135
25.8602641834  136
24.9131897643  137
30.1259105815  138
26.696705493  139
24.1932683049  140
23.6778684233  141
27.9957936638  142
26.5780694659  143
23.772473993  144
24.2259189276  145
25.8745419609  146
32.536683993  147
23.4295728809  148
22.7356039256  149
27.5733624858  150
25.3923112156  151
22.2220879717  152
26.5626671099  153
27.0563108325  154
23.9417283114  155
23.0529954315  156
28.4054754212  157
24.1028631033  158
23.2792670264  159
24.3459270202  160
27.6361631916  161
23.4773302144  162
22.4008110181  163
21.3580991465  164
22.4027931856  165
21.9095849256  166
22.5980204351  167
23.0825959106  168
21.2043439885  169
21.6169322179  170
23.248572634  171
24.6590507874  172
21.1113132074  173
20.8941891675  174
20.4020851901  175
24.7476510769  176
23.2318561688  177
21.0991929687  178
21.1514594213  179
23.219894753  180
21.9555745831  181
23.1799945149  182
23.02964022  183
20.9096809092  184
21.209917567  185
24.58790852  186
20.219622804  187
19.5670789249  188
19.4766438374  189
20.6056397277  190
19.5488306787  191
19.2175792498  192
21.6117863068  193
20.9878514961  194
20.1989060827  195
20.6192997809  196
20.4620150126  197
19.7041822388  198
20.7736151948  199
19.7143316381  200
19.7183924765  201
20.6136004513  202
19.8917173364  203
19.4778267983  204
19.6217945121  205
18.5302700134  206
18.8474437527  207
19.4786226309  208
19.875336954  209
20.0998004876  210
19.1216930869  211
19.6926494705  212
19.4400077881  213
19.2339836077  214
18.0604348342  215
18.8314377591  216
20.5386435749  217
18.9908939859  218
19.5695833849  219
19.1623998804  220
18.7222647435  221
18.5154209683  222
18.8343778286  223
18.051841136  224
18.7176702955  225
19.5098262178  226
17.9713852355  227
18.5321785491  228
19.8952532346  229
18.2453884018  230
18.8131095321  231
18.3094249591  232
18.2699336318  233
18.974895098  234
17.7699236889  235
19.0848474472  236
19.2442774038  237
18.7502570984  238
18.0241085295  239
18.9150640754  240
18.8730106401  241
18.5196736384  242
18.022115519  243
18.2684073734  244
17.7961205238  245
19.3075828788  246
17.8835436152  247
18.1593583046  248
17.5322369825  249
17.6798781665  250
17.8023607856  251
18.1619998874  252
18.1802616827  253
17.8950640115  254
18.2295637049  255
18.2369596616  256
17.2418254108  257
17.1654579014  258
17.8874380784  259
17.8802068243  260
17.1552852594  261
18.2514081534  262
17.179350993  263
17.2929385039  264
17.4537861734  265
17.5859415027  266
18.3148582257  267
17.5523407843  268
17.7222868603  269
17.45610084  270
17.2207015796  271
17.9170887275  272
17.7208929252  273
17.4756909849  274
17.4640043343  275
17.392531997  276
16.8902551089  277
17.6292323628  278
17.4954917672  279
17.4159398819  280
16.9258510355  281
16.9298569241  282
16.8783521788  283
17.2668994968  284
17.5848524213  285
17.3315552683  286
16.9667600748  287
16.9340874894  288
16.9986039038  289
17.3125197128  290
16.6239816476  291
17.2847861656  292
16.7097401463  293
16.9337844673  294
17.3395160547  295
17.0370647618  296
16.7392486984  297
17.4538787522  298
17.3981821571  299
16.6358933602  300
17.115480976  301
16.8000311483  302
16.549394772  303
16.5347066967  304
17.4616802249  305
17.0468069699  306
16.9108313534  307
16.732947404  308
16.6683300559  309
16.5143353826  310
16.6125494225  311
16.8817422151  312
16.5781022524  313
16.2805049369  314
16.4124530725  315
16.9052795531  316
16.8340289336  317
16.6697544252  318
17.072149828  319
16.8584100767  320
16.8936252304  321
17.0589110843  322
16.5633085702  323
17.1430499993  324
16.5671056461  325
16.4047195408  326
16.4890156252  327
16.3863195509  328
16.581344402  329
15.9623186307  330
16.8494514432  331
16.3091310874  332
16.7699310094  333
16.2036159581  334
16.7726528951  335
16.2563608005  336
16.7936717529  337
16.2158295761  338
16.6609018419  339
16.1255193043  340
16.4777870139  341
16.3741262499  342
16.3457793281  343
16.9750323208  344
15.9343391592  345
16.2258684924  346
16.5259521  347
16.3812681482  348
16.0741209831  349
L2 error during trianing: 15.9343391592
L2 error on test data:  17.0127470897
Embedded KNN :  0.945
PCA KNN :  0.935
Normal KNN :  0.845
Validation KNN :  1.0
